1.390185550186819796e+01
3.320034892229025036e+00
2.828422179282537030e+00
2.698211718757740574e+00
2.634637809348077564e+00
2.587499049992313616e+00
2.544769234641209632e+00
2.503077491088016693e+00
2.461389813775058055e+00
2.419367370432217168e+00
2.376893122155769866e+00
2.333927238440041574e+00
2.290461488882946650e+00
2.246504526265466595e+00
2.202076935958875659e+00
2.157209322714339184e+00
2.111941266110313631e+00
2.066320451484568999e+00
2.020401769230106837e+00
1.974246338899582343e+00
1.927920470832609423e+00
1.881494596803596764e+00
1.835042205291409489e+00
1.788638814180987469e+00
1.742361007187318123e+00
1.696285551882051434e+00
1.650488608342049579e+00
1.605045029328899808e+00
1.560027746457872011e+00
1.515507232569677676e+00
1.471551028638574898e+00
1.428223323847552129e+00
1.385584579482138867e+00
1.343691190428238924e+00
1.302595181648027456e+00
1.262343940441936541e+00
1.222979988094760051e+00
1.184540796323946932e+00
1.147058654650052301e+00
1.110560594411676316e+00
1.075068373805806665e+00
1.040598526299444160e+00
1.007162472327375102e+00
9.747666916643605850e-01
9.434129515039576530e-01
9.130985832971906246e-01
8.838167999365518224e-01
8.555570439750557199e-01
8.283053572420857602e-01
8.020447624023944178e-01
1.575246399378012890e-02
