9.779284769618632467e+00
4.179958911953550071e+00
3.212628089564451894e+00
2.781939232574514254e+00
2.521983696361397520e+00
2.317483164400497841e+00
2.140868130341874398e+00
1.984310588985534807e+00
1.844338086451177361e+00
1.718717435254833337e+00
1.605697625090467762e+00
1.503788222428893206e+00
1.411693541447843314e+00
1.328286516684636709e+00
1.252585864633002366e+00
1.183731285334008509e+00
1.120961515703424949e+00
1.063599520962807965e+00
1.011044783556032556e+00
9.627693681274921422e-01
9.183140418425475016e-01
8.772823295082270434e-01
8.393323255945464023e-01
8.041673595907683492e-01
7.715269910867806891e-01
7.411794933070361413e-01
7.129163281032775412e-01
6.865484872314183695e-01
6.619042068756147978e-01
6.388274911054412364e-01
6.171770013305255542e-01
5.968250494395515027e-01
5.776565842351084612e-01
5.595681544049054823e-01
5.424668735082944782e-01
5.262694221302973707e-01
5.109011162768258840e-01
4.962950599135955154e-01
4.823913885516622480e-01
4.691366018603402299e-01
4.564829767179178210e-01
4.443880476090864007e-01
4.328141385444576605e-01
4.217279295930685956e-01
4.111000417449203193e-01
4.009046262801187477e-01
3.911189491179150601e-01
3.817229664558678404e-01
3.726988946794454471e-01
3.640307839412159630e-01
