2.149790495515818378e+01 4.968588460684736674e+01 2.905678235296114309e+01
5.112209768810676280e+01 7.917589946488972075e+00 3.690545374101365894e+01
2.314764724826025599e+01 1.707847866089683464e+01 2.143642602298290711e+01
4.531549502180905620e+01 3.387607320482032236e+01 2.763342046269969998e+01
3.012527127181371256e+01 2.496391429943376394e+01 4.269111956968468036e+01
8.918509968528724130e+00 3.246781347343061697e+01 3.725080054961082254e+01
2.680583856579714563e+01 6.974504448650408861e+00 3.812917112913983431e+01
4.122835253928946742e+01 1.597262345980976228e+01 2.337178199981333648e+01
2.907681551198998449e+01 3.283187080971748628e+01 2.330277759705178298e+01
4.657469435142149905e+01 2.378290323387880889e+01 4.151259451647698739e+01
1.222746683123665257e+01 3.617072256297981880e+01 2.180143328602465402e+01
1.830755736141953705e+01 4.691417773004017988e+01 4.445964437550230741e+01
2.489432634589064008e+01 3.680009666010552394e+01 3.660586779161966575e+01
5.315710898654207028e+01 2.152173572289314052e+01 2.902455424614843338e+01
1.977083659615662015e+01 2.275831946557061514e+01 3.315371418193250008e+01
1.017986089383743398e+01 4.481729913784268859e+01 3.197170954527815212e+01
3.794147710305893639e+01 1.306917170773502335e+01 3.520804021301142939e+01
3.662843218780294308e+01 3.428727202308697741e+01 3.727277840774763717e+01
3.065371027275674720e+01 8.946703896680514134e+00 2.570932877880780865e+01
5.026403353335916080e+01 8.438791883916579195e+00 2.389416153479433547e+01
1.962976433799602916e+01 4.812487835114681900e+01 1.812071545183475862e+01
3.943395188683061292e+01 2.662284596153368099e+01 2.113574822587819213e+01
2.292650650717752114e+01 1.633876047428073264e+01 4.138175118349630566e+01
1.714317752820189966e+01 5.445036555118851140e+01 3.731764000652224667e+01
5.156700634943699413e+01 2.993736061103986401e+01 3.526501138208053021e+01
2.182046907107854139e+01 4.000539929133336159e+01 2.346710096069280382e+01
1.514769674948938061e+01 3.062918922493666329e+01 2.930059367060813358e+01
2.767895314887800851e+01 1.530935691213814565e+01 3.240855329680243813e+01
3.073669743721337611e+01 2.298064139045222731e+01 2.022004941946459411e+01
3.787226076290226473e+01 1.973501891013472687e+01 4.223064794051212090e+01
1.303424556440949900e+01 4.005402571024208669e+01 4.050508873658410636e+01
5.192506466462977954e+01 1.692775300904898117e+01 3.913308449879278328e+01
4.829069743660573977e+01 2.721762554967066805e+01 2.247322081359135382e+01
3.280821550504857953e+01 3.732606458822094453e+01 3.002552787233070930e+01
4.634632697294439652e+01 1.440118519322184198e+01 3.290197486981691100e+01
1.324177101259022571e+01 4.500292578695358969e+01 2.379528050801543770e+01
2.144628431010763947e+01 2.630247824024836945e+01 2.510367285469610721e+01
2.297456337764570478e+01 2.817261635821018473e+01 3.897882870697983293e+01
5.021166816719847503e+01 1.678442327817499802e+01 2.196075410388567661e+01
3.115374312893259301e+01 1.413356766884763793e+01 4.095679291353997087e+01
6.823058270662872182e+00 3.461534027785129553e+01 2.933619263617602613e+01
2.666575533433518075e+01 4.393231152018051944e+01 3.243158354028111745e+01
2.270715834443638670e+01 1.000771961245913211e+01 2.541573331907598998e+01
4.447740170374786572e+01 3.221120948135501294e+01 3.780134526779221460e+01
4.521385111645928134e+01 1.176918337668160497e+01 4.038410937156820779e+01
3.978171932326885241e+01 2.740056718227344135e+01 4.148525392143871926e+01
1.670748571839679641e+01 5.448217955411482194e+01 2.589821802278406793e+01
3.824320039106707014e+01 3.337762368401175195e+01 2.543288285944251825e+01
1.753409940403882317e+01 3.303342271488495641e+01 3.828444992356334353e+01
3.360688995388839828e+01 1.538197571643550887e+01 2.516408778358733755e+01
2.067883525503353326e+01 4.160598565080299949e+01 3.962742002503895833e+01
1.306902859001138495e+01 4.860737608396172504e+01 3.718048338391265872e+01
5.230920087514842010e+01 2.912417556567484667e+01 2.794396145434344092e+01
2.086068491473691822e+01 4.855828121094669569e+01 3.698182409812222460e+01
3.042182096000925640e+01 3.270179005331878841e+01 3.971981546113136829e+01
4.405219134418888416e+01 1.040516985935783012e+01 2.600969398469946725e+01
7.196330543901509280e+00 3.908738565594298109e+01 3.439043131476599768e+01
1.400320689012362152e+01 5.114496334868908889e+01 3.115602724371029097e+01
2.319781106638027524e+01 3.329676332800315919e+01 2.623106286883340843e+01
5.130409901094374447e+01 1.260296823904215380e+01 2.898296150380213376e+01
2.664706953017984503e+01 3.906721468693931598e+01 2.802030651916390624e+01
4.420020558930652754e+01 2.137813230499440564e+01 2.124422025240872713e+01
3.972403918017057833e+01 3.504796934922130447e+01 3.159066560962235215e+01
2.180042573350512569e+01 2.016757301035975303e+01 2.695935848218331543e+01
5.193448312401778111e+01 2.418105126048704179e+01 3.802670634362698365e+01
8.781657134848906310e+00 4.037513024069230028e+01 2.513914019411142675e+01
3.659115541283424733e+01 2.062838432811870248e+01 2.061584994882417021e+01
2.332463719021992077e+01 1.197551988248752863e+01 3.545936771627793860e+01
2.769851912363531454e+01 1.293219415549860329e+01 2.046826224077815581e+01
3.795886636480701526e+01 1.277686465148477524e+01 2.906244381688707890e+01
2.475705420615153685e+01 2.213634729153553948e+01 4.189142024837593681e+01
4.371774271137144297e+01 1.828687314133987485e+01 4.149144886531068721e+01
2.620349101673087588e+01 2.744246347029336874e+01 2.151888491631518008e+01
3.376308657896973386e+01 2.856879753120254861e+01 2.129899714646553122e+01
2.192825728706474209e+01 4.662435220067415997e+01 2.393435997618604461e+01
2.300513460736980065e+01 1.771783365997874427e+01 3.482274076311813360e+01
2.488055274696917607e+01 1.073302699830692042e+01 4.200023750035634862e+01
1.846096832406471577e+01 3.497136791963346525e+01 2.367757589423666786e+01
5.219840360254802647e+01 1.840118953607420238e+01 3.370777343119417679e+01
4.378792218874020392e+01 3.047455945596050597e+01 2.335397558162904375e+01
1.882830868534635727e+01 2.938778643808671376e+01 3.336277252258518899e+01
3.101805797304741574e+01 1.069509358189859505e+01 3.652108009667637134e+01
1.703114255348776851e+01 4.943650157010813473e+01 2.345851810866840736e+01
4.580363031869446644e+01 9.066184081527477900e+00 3.455067379520097859e+01
5.127975011125249694e+01 2.251449727041648075e+01 2.397818713918322686e+01
5.479065348789267631e+01 2.635157892402288837e+01 3.188816488140520278e+01
4.815417414349253988e+01 2.878473269200411977e+01 3.975937087686355653e+01
2.302950803052968354e+01 1.494667393465526928e+01 2.751580044819095150e+01
8.405698446465127205e+00 3.703565519929841798e+01 3.999914120752182356e+01
2.705219923623054612e+01 1.124285259724147323e+01 2.899805568401969325e+01
1.298716107834844280e+01 3.048897347937272428e+01 3.442826598922216874e+01
1.005006137331824334e+01 3.233098467678390620e+01 2.478488676064253582e+01
3.191226010238566957e+01 1.918308379204527370e+01 4.246193981968495024e+01
3.458322504714207923e+01 2.818064628631481128e+01 4.168478663659148964e+01
1.310930747232536930e+01 3.483765653723498446e+01 4.100324146733647979e+01
4.657478749639521709e+01 3.416752923073680392e+01 3.342794190337595950e+01
3.206024861114632074e+01 3.659864315689746661e+01 3.649377831050444598e+01
5.034852898389182485e+01 1.194575953590744355e+01 4.080452931986618381e+01
1.626467768435555428e+01 4.101490689514861288e+01 2.260318474742322437e+01
4.172281276870583611e+01 1.506455088010380550e+01 3.807294234069928507e+01
2.504605967336638628e+01 4.374625660743721767e+01 2.672079514102315301e+01
5.187410763708010109e+01 1.246958374997755215e+01 3.479907839058478203e+01
2.880322709416779148e+01 1.787476331797397577e+01 2.037513052115787460e+01
3.585715701594959626e+01 1.549819672431624440e+01 3.907900977405883225e+01
2.399938782586692554e+01 2.202464671004430485e+01 2.138675853415490380e+01
1.187231760100245914e+01 4.814532002912942232e+01 2.741261671844961967e+01
2.498450273950219724e+01 4.225852402748753889e+01 3.727200285674994973e+01
1.030310613875470516e+01 3.119834903509124047e+01 2.969149569697157887e+01
2.153407893424658681e+01 2.309636867917271985e+01 3.835075496718111765e+01
4.828333178927927349e+01 8.785381690411346867e+00 2.907003716012091843e+01
4.567575770024534876e+01 1.468718246143487072e+01 2.195180082514746545e+01
4.322483019658726278e+01 1.427588284164074750e+01 2.870028115594331908e+01
1.913993750802672622e+01 5.138010607481197667e+01 3.283143801394670902e+01
9.728454266226352232e+00 4.201765739196817862e+01 3.715238279894944640e+01
2.626649587237361061e+01 7.711895057609592818e+00 2.334582826468838945e+01
1.899831865201550585e+01 3.723877605496376475e+01 4.019652682640195707e+01
2.757567118299602171e+01 1.654149795419191804e+01 4.279511985515971872e+01
2.506016435123649089e+01 3.225173776221649291e+01 3.802973171212393311e+01
3.067492562215931429e+01 3.650403112246692672e+01 2.597892285941621537e+01
3.010628877627026867e+01 1.466153749327833467e+01 2.843693924529989658e+01
2.009202083320190013e+01 2.968906750071786860e+01 2.793427344611711760e+01
3.217070403385347532e+01 1.438073933560272621e+01 3.261950937985876919e+01
1.752616834738632789e+01 4.940021699795791221e+01 4.002232481564166733e+01
4.822797171613308365e+01 3.108181072466021533e+01 2.494835995510453941e+01
4.215430628986744921e+01 2.268530797676094579e+01 4.199850448566105854e+01
4.010025122812932352e+01 3.150605559627772223e+01 3.878146497233819900e+01
7.421503023498409846e+00 3.958714529152344141e+01 2.988484002443451359e+01
4.699477930299700290e+01 7.470226943719593393e+00 3.868403156104669449e+01
1.296890748724884901e+01 4.436292441589798585e+01 3.926042424645449103e+01
2.758752627429580428e+01 3.776756704520485641e+01 3.318934387377396433e+01
2.682251812013301517e+01 2.877461821436691380e+01 4.109016399547164156e+01
2.901991242010678107e+01 9.443268683010956011e+00 4.120822007528403219e+01
1.010363141876235460e+01 4.385655366593843496e+01 2.747420176613529108e+01
2.452221015680932581e+01 4.767567441015297192e+01 3.185098180158801640e+01
3.705143143592728450e+01 1.658280097833537781e+01 2.233955753297411206e+01
4.803648176469283015e+01 1.781036340745808388e+01 4.155743026129190554e+01
2.145341747376830099e+01 4.507365524386450772e+01 4.216157275992790687e+01
1.765343412979745352e+01 4.501648056609386117e+01 2.187995689164806734e+01
1.521934638973198872e+01 3.236536504221031407e+01 2.463918453156670552e+01
5.244228815397326571e+01 1.361163722686762689e+01 2.500434864587678874e+01
3.469888011172470499e+01 2.458016401971209675e+01 2.036002786712883150e+01
3.498022813374637963e+01 2.274783874785334348e+01 4.267808253594577650e+01
5.354702736876959079e+01 2.274197030032318878e+01 3.359114377966400866e+01
7.023603168680435438e+00 3.409641907694920349e+01 3.389933057952079309e+01
4.953314009367514359e+01 1.267972149923135028e+01 2.177673157281441974e+01
3.314135702899844205e+01 3.379909790494529886e+01 2.402458311538421043e+01
2.712634230771795529e+01 1.115071061559060439e+01 3.401617899743443019e+01
1.332050682230434901e+01 3.153618937194421790e+01 3.841554319221605596e+01
2.294733519645144781e+01 9.120263669129958117e+00 3.874273151283264127e+01
2.040887136478326624e+01 2.663998532502846217e+01 3.598168278638807749e+01
4.821579117724982666e+01 2.079589418658858690e+01 2.183533833304114324e+01
4.337764716422231714e+01 2.905618705434335780e+01 4.045596717111190799e+01
1.500399555287178543e+01 5.065589655936895497e+01 2.679718569211553714e+01
5.208455924849326379e+01 1.648438215232348014e+01 2.814462989068245236e+01
2.144685908595593560e+01 3.193911679363365153e+01 3.628230776757421694e+01
1.928201909214942233e+01 5.137396803234945253e+01 2.616990664994283833e+01
3.462844501137247732e+01 3.167524750159580549e+01 3.973861990352458662e+01
4.421498328795549071e+01 2.694084613185040311e+01 2.156745948143929326e+01
3.893714576558731011e+01 3.033195903353203349e+01 2.296920873512100059e+01
1.767029947831728265e+01 4.415917770187429170e+01 4.008710613933308764e+01
3.719158692667546973e+01 3.566431470512039681e+01 2.845034927076283893e+01
3.121497605099817818e+01 1.372816554120893429e+01 2.252449387357734878e+01
4.058995010765796962e+01 1.987699475239454472e+01 2.107549998811695247e+01
5.008071486805929595e+01 3.254659199672742886e+01 3.280888555075114965e+01
1.891837520525792016e+01 2.683048050345038860e+01 3.025075758488484112e+01
1.191959329055615235e+01 4.125885472005920462e+01 2.307805061213912978e+01
5.167610255985505319e+01 2.682109365957073521e+01 2.494202327188557433e+01
3.365166789931133451e+01 1.792509427288544899e+01 2.124376605397295492e+01
2.008320395964434368e+01 2.380264061889986493e+01 2.763199818889952297e+01
4.053919466226390966e+01 1.287307649834107082e+01 3.243526095696736888e+01
1.091899302579662034e+01 4.572865600066508307e+01 3.601329384498522757e+01
3.009662244284362842e+01 2.797093317987853567e+01 2.086464129091115183e+01
5.141075249941522429e+01 2.064691451428593894e+01 3.913012123487173710e+01
4.650578852187092593e+01 1.267384195008694725e+01 2.959311718363709787e+01
4.930393202686110499e+01 9.853526271785804980e+00 3.358957048066081796e+01
3.662596201659596318e+01 3.603045710657363543e+01 3.337190611472913560e+01
2.129616874492037937e+01 3.518413170398117984e+01 3.806603314651162862e+01
4.353338642671463532e+01 3.480035871293002714e+01 3.145572066808931666e+01
2.307329400961956622e+01 3.679409494844566808e+01 2.513132979802477962e+01
2.212404593124539076e+01 1.916038121057130539e+01 3.918747382777927157e+01
4.864956285648847256e+01 3.323911998426252268e+01 2.900474081874115839e+01
4.831955142026346550e+01 3.235370663826029158e+01 3.608232843254351963e+01
3.415600065417482512e+01 1.424503995645874888e+01 3.568699895247569032e+01
1.588795133648987346e+01 5.103151556077315121e+01 3.699780692542586280e+01
2.513414966098909531e+01 1.672782406622701856e+01 3.020923077468812323e+01
2.453809684674633473e+01 1.032391109286497866e+01 2.148761261684410329e+01
7.092887432967192929e+00 3.716855952062330459e+01 2.482081461013021340e+01
2.206724768187869401e+01 1.350806780699120146e+01 2.431900097666922633e+01
4.181136704988609409e+01 3.327407725542993688e+01 2.607983746913052414e+01
3.588784713221730271e+01 1.281140648385136949e+01 3.225884973229052122e+01
2.574034657447494823e+01 3.055662411883825058e+01 2.327020043097071067e+01
5.216404730539314016e+01 1.926578147226061333e+01 2.524574735181962026e+01
4.369058635189984585e+01 1.221793582213488705e+01 3.711818677472273009e+01
2.358043435232851692e+01 4.640739154760055385e+01 3.506856168660083739e+01
3.796102005803368229e+01 1.473038218593961091e+01 2.526846954848967641e+01
3.385543330889466063e+01 1.380293536619674555e+01 2.949357606802051990e+01
2.827753831204773860e+01 2.191500864416754268e+01 4.263667995227486074e+01
1.653707458943636510e+01 4.062089744802530333e+01 4.044810000796385197e+01
5.209891834758311546e+01 9.677353112122343504e+00 2.666052214601308279e+01
2.853820869884758338e+01 3.635931601063420260e+01 3.667033439273934903e+01
2.221791527392435839e+01 1.316172893850128922e+01 4.001165885337351114e+01
2.209407944286130743e+01 1.711867828419046944e+01 2.491048600363610177e+01
2.163786980574482754e+01 4.616186372188061426e+01 2.023574673167925653e+01
2.718117907563759772e+01 7.977941166533520700e+00 2.775934376881615862e+01
4.773325190665752160e+01 7.076681859996286406e+00 2.609305469762849228e+01
3.945211787216432242e+01 2.313356029771784961e+01 2.076063071972076557e+01
2.562185004708619829e+01 2.546567367089385669e+01 4.166893260928696208e+01
2.274944447304445205e+01 4.477114480548218722e+01 3.801185179559806215e+01
5.002475851795027495e+01 1.691970076080034957e+01 3.152381644924070869e+01
2.599299802901163758e+01 3.545494207986678248e+01 2.627771053121936617e+01
4.388477498265477550e+01 2.586548579853821650e+01 4.166125633954040808e+01
3.058758871455162165e+01 2.965595605208996943e+01 4.122271155866762626e+01
2.300773174652809416e+01 4.640715535587848706e+01 2.714845012636954991e+01
2.709695707873313353e+01 2.307175267265276375e+01 2.055735725638646727e+01
2.231165653652646697e+01 3.868678010831366976e+01 3.924763034929078742e+01
1.511284267236451129e+01 4.711347586317759806e+01 3.952515001277368611e+01
5.233954206384423458e+01 1.317165342500765490e+01 3.840134135296307960e+01
1.669698956243286503e+01 3.742989662413781105e+01 2.224313328207121288e+01
3.890640823193719200e+01 2.429631472192468422e+01 4.227935036226797649e+01
2.054459480367792779e+01 4.306871906344822776e+01 2.340991177277920343e+01
4.117568041133854706e+01 3.434717387585482840e+01 3.449019165794197761e+01
5.110440173863815971e+01 2.803382386395110615e+01 3.794193752526010854e+01
2.558381797613238007e+01 8.245346087190648987e+00 3.533447575162293930e+01
2.697201416896157511e+01 1.318623480876041576e+01 4.271487613092692470e+01
2.471100502118305542e+01 4.055503696900623112e+01 2.495308214268066394e+01
2.204920142405380545e+01 2.334721279390566906e+01 2.377982811702673871e+01
5.353893964653676818e+01 2.653405437956906354e+01 3.491227772554155706e+01
2.749359103061008724e+01 4.051461021579177668e+01 3.142060464545476250e+01
3.001267444343263335e+01 9.741505972913188316e+00 2.261822577732763051e+01
2.047919356267699698e+01 4.886195127563036067e+01 4.125921164179966638e+01
2.867324668640029017e+01 3.764892408106985755e+01 3.012203793085421921e+01
2.217368901027907313e+01 4.932870547268018413e+01 3.335929806444353574e+01
1.646011602092561787e+01 4.757079441152687593e+01 2.029454595117177718e+01
3.541414333688864957e+01 1.770091283338475918e+01 4.184065702610303106e+01
1.798717396308186167e+01 3.192144076207796388e+01 2.702350767358530703e+01
1.294047368867446757e+01 3.101912854031369804e+01 2.640037640889522663e+01
2.486973709981405278e+01 1.857864523976882509e+01 4.247805167685418581e+01
3.552406943445572551e+01 3.500358026568213887e+01 2.569842079770623045e+01
4.295681410447775050e+01 1.405966423526450626e+01 3.405344907168066015e+01
4.650442039222127733e+01 2.064884515024882106e+01 4.148206508131823256e+01
2.451337072719537247e+01 1.333835407889342051e+01 2.065180127371860763e+01
5.125930822851274371e+01 3.141383363687367236e+01 2.979296933862497454e+01
4.491356847859918133e+01 1.837927085776508562e+01 2.154747401707971832e+01
4.100940377904541378e+01 1.472749421976333650e+01 2.619491576083180107e+01
2.141408449178013029e+01 2.013605881702050482e+01 3.373374105494238506e+01
2.348161071281855783e+01 2.730664874633327344e+01 2.300519609265502652e+01
2.639453546485092872e+01 3.942008185771275208e+01 3.594571577527848660e+01
8.405934769693178765e+00 3.468740885619706660e+01 2.355225764321216531e+01
4.507620866770564305e+01 1.556345494258901496e+01 4.102266427008536454e+01
9.130205121134048696e+00 4.214187039376163568e+01 3.086654626090118114e+01
3.845824182078753495e+01 1.689196698973342947e+01 4.120593216412764548e+01
3.063253229968850988e+01 3.749087444684087700e+01 3.292539673988297722e+01
4.979915649677911915e+01 2.395313146603704979e+01 4.021834641485448714e+01
1.908230044684074755e+01 5.207882575411893811e+01 3.730466502073419122e+01
3.285443271370866114e+01 3.422917645505063433e+01 3.865735025440280026e+01
7.857162227550409384e+00 3.896926635007125128e+01 3.769388391193528065e+01
2.106608020997822805e+01 2.048709303965277684e+01 2.990757979751613860e+01
4.703408421216165891e+01 1.096316782656974276e+01 2.213563356009966654e+01
3.014931914112948874e+01 1.123012238637281790e+01 2.764602479316386052e+01
5.198957963561646523e+01 1.557595905061617358e+01 3.479955255156519200e+01
9.317027643925783309e+00 3.414021190079255064e+01 4.001644966624879629e+01
3.673629239304068506e+01 2.808535150696936356e+01 2.146228088743273332e+01
2.578054803281461460e+01 8.156367058034533102e+00 4.071784003489063508e+01
3.260502150561181622e+01 2.061682989230924079e+01 2.039903806773920536e+01
4.956250962747995459e+01 1.480222028994042383e+01 4.128018899541133635e+01
6.347285911986491058e+00 3.624795250812181280e+01 3.192274127743405643e+01
8.169856036562867629e+00 3.261078150639383466e+01 3.125508632999392233e+01
2.320843033407129852e+01 3.049008669970668350e+01 2.518674363277136763e+01
2.855286306991174428e+01 7.853873848402002977e+00 3.586689118536618537e+01
2.418481559987883855e+01 1.233131344957594600e+01 2.838786819069875378e+01
4.783979548441956808e+01 7.188425902131150735e+00 3.566560166731260040e+01
4.633321915371342214e+01 3.443147850356709228e+01 3.046857735573025394e+01
1.533611692831373929e+01 5.130810086870792475e+01 3.408370824029798030e+01
5.263462234626169334e+01 2.169905139580551889e+01 3.656192401469230902e+01
1.307419469730346151e+01 3.033977738779908151e+01 3.147235659414298681e+01
5.393722949788169529e+01 2.444187720711243372e+01 2.979936488754728074e+01
4.857364827369544713e+01 9.585434854876959676e+00 4.070453076306789342e+01
4.201592658673125413e+01 3.452057804976239197e+01 2.894794948854632821e+01
1.978734277160988597e+01 4.969777557315378402e+01 2.247702062671938350e+01
2.699723478661343634e+01 4.267102588117153061e+01 2.948976400419359578e+01
1.660045255538032549e+01 3.139370098276577892e+01 3.604403305125556756e+01
3.116152085856824883e+01 1.076949266548584916e+01 3.972199133006876082e+01
1.021273787106286335e+01 3.127700760368572475e+01 3.477425002257828623e+01
2.617954694560645379e+01 3.309077098453241916e+01 2.461379312083450799e+01
4.505699697132299519e+01 1.182728560851106536e+01 3.438980986952148555e+01
1.058195010625037114e+01 3.881758986555057334e+01 2.245383474318595063e+01
1.158930920096431905e+01 4.820239532749597799e+01 3.024731383151865671e+01
4.397784924908911819e+01 1.333351300019183405e+01 2.379277347051002778e+01
1.676708697334674270e+01 4.849356796348628507e+01 4.266433680674024487e+01
1.737310274883830630e+01 5.320126258340077641e+01 3.467270133099664520e+01
5.300128336576780441e+01 2.926667872144550131e+01 3.069711966345919762e+01
2.205182052088170863e+01 1.634502148370966879e+01 3.869092511160248193e+01
3.503821015987591636e+01 3.617045783277054483e+01 3.570714296540555210e+01
1.116533250621182916e+01 4.720619481815613483e+01 3.311270793064941387e+01
2.680131305581582524e+01 2.027285934502278408e+01 2.034056974644754945e+01
1.334347624445572578e+01 3.375172654988143961e+01 2.272756068639812810e+01
3.726316832335503904e+01 3.068226528872616043e+01 3.988003856268616687e+01
2.300251725441403394e+01 4.389123731413218366e+01 2.479111866551872367e+01
2.450034361366935087e+01 8.385482773750663199e+00 2.684070962678294592e+01
5.292552735836206068e+01 2.338208424620772519e+01 2.693785664632570942e+01
4.114438644648888044e+01 1.644865890165734257e+01 4.055953618031239927e+01
3.176918614823612330e+01 2.579244241050734487e+01 2.036016395925887679e+01
1.129159845099246340e+01 4.580106793174466873e+01 2.561467505808951017e+01
4.739342588732862538e+01 1.712276397835267261e+01 2.141850545863223587e+01
6.927845673756971578e+00 3.848586752754316365e+01 2.738380070053952053e+01
3.167077322609508627e+01 1.312496983904546255e+01 3.767436662361758692e+01
5.038094922100308537e+01 2.935608547924408640e+01 2.511707468300850365e+01
4.116323793078613846e+01 1.927936826601434817e+01 4.183395501377525960e+01
1.580520736557942563e+01 3.517147278562722335e+01 4.051930011167631562e+01
1.890964437086287475e+01 4.024323368323332772e+01 2.272839885034178309e+01
1.241629493201698686e+01 4.965438991742212238e+01 3.292242533452928654e+01
4.764788101085387950e+01 2.626103219262265753e+01 4.098546740889031526e+01
2.106739123207364273e+01 4.843094776377924404e+01 2.581552494743520754e+01
1.514034974060545835e+01 4.693677503701333364e+01 2.335584279466624480e+01
1.033204813950667322e+01 4.263550769861647893e+01 2.500551386645783580e+01
5.218121896088783274e+01 1.631398735112654919e+01 2.461350643504023239e+01
6.898152436496419959e+00 3.500796233105634769e+01 3.648015811143557841e+01
4.819356169325406825e+01 1.515368494526396681e+01 3.051262189175999850e+01
7.133131200920129089e+00 3.477167193793982847e+01 2.614278450747958260e+01
2.243866999976992460e+01 1.429512222060144033e+01 3.658849407350323446e+01
2.546916241893089961e+01 1.331513540052619859e+01 3.400627037233020644e+01
9.028908048081955684e+00 3.222437155724006175e+01 2.730486480722863263e+01
4.482384557725158913e+01 8.435565873944090853e+00 3.736577285228867851e+01
2.116267082077104078e+01 4.760533196980165371e+01 4.356842112366992836e+01
1.500446204898525338e+01 3.824949098774927592e+01 4.098333994928211865e+01
2.317863519270655459e+01 1.816913463774135806e+01 2.901240339891358744e+01
4.537122532015600740e+01 8.407745038307091079e+00 2.727344869363891888e+01
2.062171137639724705e+01 3.240508943498618777e+01 2.669174478830296238e+01
2.197909306147708008e+01 2.066460281425430878e+01 2.405134294437522513e+01
2.908722673912360079e+01 1.291382001009393932e+01 3.457089546542170666e+01
2.979019245191623710e+01 2.046255133172172691e+01 2.028375940386845500e+01
5.185866427451686178e+01 1.843048973409318947e+01 2.998781193847960935e+01
1.048036549571414966e+01 4.013158383487559888e+01 3.966457477010902721e+01
4.763362345082816773e+01 1.191910327430810312e+01 3.318009728761541766e+01
1.873955776749706459e+01 4.593745188769334220e+01 1.938842819686205132e+01
4.399135352850429115e+01 3.441311830411715533e+01 3.409261559098722927e+01
3.309252561754290411e+01 3.716598066112619847e+01 3.388471416898611466e+01
5.324789012169853208e+01 2.861796335309584549e+01 3.326210230472639751e+01
3.036113749383821769e+01 8.313427275244844594e+00 3.775348750855363278e+01
1.910294993187388712e+01 2.578611988125563670e+01 3.268283366837351878e+01
2.519361195430807143e+01 4.422366517598187841e+01 3.550424173024217822e+01
2.487030846367828474e+01 3.000220140188826434e+01 3.940419491220221460e+01
3.333826998982704026e+01 3.691612992177326191e+01 2.748073659370497523e+01
5.095096891911773440e+01 1.966941400989151489e+01 2.296206823475388248e+01
4.539008069366273901e+01 3.242242649916296671e+01 2.545919612146661848e+01
1.160594233193970481e+01 3.280592749452392809e+01 3.991307255226352879e+01
4.371000030460695740e+01 1.390638441725719865e+01 3.929238212210469783e+01
2.826731828439199390e+01 2.957802263650945918e+01 2.177766066509257925e+01
1.930713659762167111e+01 2.426850410018005988e+01 3.011197582027457642e+01
4.267251426268143177e+01 1.361977779627756924e+01 3.114852622655847370e+01
8.625679631827447125e+00 4.115880741064468396e+01 3.377233008748770970e+01
1.900375133258794946e+01 5.204278332158902032e+01 2.865571545499901163e+01
2.864858780361149115e+01 2.586319891937334248e+01 2.052052587072143552e+01
2.468146240254082358e+01 4.639318988906354946e+01 2.910763047105436740e+01
2.296085033949218612e+01 2.411456553671093417e+01 4.023064311137989790e+01
2.439145712425559864e+01 3.996393155529354857e+01 3.824500657926858338e+01
4.754142294389733792e+01 2.487847753571637099e+01 2.176520814074219601e+01
5.043391641630439182e+01 7.768487419001375294e+00 2.699231926002612880e+01
5.215337139470337036e+01 1.062704725333032485e+01 3.827697540174062851e+01
1.995245057150695089e+01 5.066730408580913547e+01 3.514347035966987676e+01
2.259429695670628035e+01 1.137977750422921019e+01 2.301553053501819335e+01
3.237066993647415813e+01 1.503713233532434401e+01 2.736400370938054039e+01
1.684579605854741402e+01 5.328339752732145485e+01 2.811679515861175105e+01
8.372935244819672107e+00 4.067416889639775945e+01 2.761001066996642805e+01
2.482192821321466525e+01 1.520457626536567375e+01 4.259805716522399877e+01
3.164479683325652104e+01 1.260344581674779718e+01 2.473962681364486826e+01
2.774019962729256861e+01 1.905213602048446830e+01 4.279896861380856166e+01
2.532886364262750334e+01 1.767135229134440166e+01 2.033328995048713139e+01
1.998631245302201620e+01 2.408234666619081565e+01 3.527995564437823361e+01
1.925343965467679652e+01 4.922351572661810337e+01 4.368626076995358432e+01
1.844159573186047396e+01 2.922697579541138424e+01 3.090097946190444844e+01
3.874961909048253972e+01 3.493064736114766333e+01 3.443518193205059674e+01
5.055729924467141245e+01 8.583196268322168976e+00 3.923057645620669120e+01
2.339334430897864792e+01 1.962259688753721676e+01 2.155224163515255498e+01
1.183433204730818389e+01 3.696156558276206283e+01 4.115839980827471578e+01
3.095033884143135694e+01 1.694915090467625873e+01 4.196906909475661251e+01
3.025528795532456172e+01 3.524020179283613174e+01 3.806535489345955625e+01
2.914038130893143830e+01 3.490319153109554406e+01 2.464669287375868478e+01
3.951881392056882447e+01 2.956340106639090948e+01 4.033030535860920196e+01
2.452532160042996168e+01 1.712789910558376860e+01 3.256488278190016672e+01
1.789645819576182362e+01 4.939488334001918446e+01 1.947151784489060589e+01
4.950480853857273189e+01 1.107635151764713477e+01 2.967347523116611541e+01
3.658719460762134190e+01 3.100272865035857350e+01 2.306449068530666935e+01
5.353947960719201404e+01 2.702255925289548344e+01 2.812180054943496899e+01
1.522460057880322459e+01 3.055100328715160529e+01 3.345920656347738031e+01
2.379751922464811642e+01 2.435251621549078038e+01 2.204335602645218728e+01
9.831196834226767933e+00 4.321884448970821779e+01 3.504713265861836646e+01
3.774291637204990479e+01 2.215013187960396479e+01 4.239232098702163398e+01
3.151476523345937863e+01 1.680619559042985856e+01 2.148320816930351640e+01
1.929185249040075334e+01 5.374847785299536440e+01 2.695926349645822029e+01
1.739949189171092314e+01 4.561547021590306628e+01 4.262904538162948143e+01
2.112561930510663188e+01 4.848523069598026325e+01 2.088306269773786994e+01
4.244981754159345400e+01 3.089664888900785655e+01 3.921415810871289409e+01
3.595847370645496710e+01 1.557500482032920175e+01 2.424206682015508818e+01
4.521034076615205777e+01 1.458142378278640905e+01 3.024408674864960034e+01
5.145031126964469337e+01 1.383876967086362342e+01 2.283598145632223719e+01
4.620143524789460088e+01 3.343497261498180251e+01 3.567500804837273876e+01
3.128481982403305395e+01 2.754025542275337202e+01 4.208605428553856598e+01
2.797007282581159870e+01 3.666952908606274519e+01 2.682721543650112750e+01
4.459487801546120522e+01 2.372690709060669079e+01 2.120765918810838357e+01
3.254117320584465745e+01 3.083603868210758492e+01 4.054353523991483144e+01
1.099440388698828919e+01 3.144650688802507688e+01 3.781468263731122192e+01
4.992272172702726607e+01 2.408801937651781344e+01 2.282002344145378814e+01
2.914158180262498732e+01 1.419712000056716938e+01 4.222330056267666265e+01
4.733278992756128645e+01 3.069203106863896124e+01 3.860512586746414598e+01
2.296923071671701777e+01 2.052763001411038957e+01 4.092588370433738021e+01
9.537149233571881268e+00 3.634209237745999843e+01 2.230377259130763079e+01
4.679079429407308766e+01 3.001296906546550858e+01 2.341444218397912636e+01
3.963277829662733609e+01 3.422817354756830355e+01 2.712805866770122520e+01
2.806080434345274810e+01 3.068871096201430504e+01 4.052866994544452695e+01
2.614458687560397721e+01 4.495160895188546846e+01 3.024082204914736849e+01
2.269464114877092697e+01 1.228566413843908656e+01 2.657772879331929516e+01
2.136210684668278503e+01 2.563730392807511294e+01 3.786164113027441402e+01
5.302229086397360902e+01 2.063685496636055205e+01 3.274172655926485476e+01
1.834370941225582285e+01 5.307682372463578702e+01 2.489095302846623170e+01
5.250258679859633304e+01 2.619370364340242219e+01 3.700869383626312725e+01
1.373716452006276256e+01 4.227091004902824523e+01 3.991199550791801443e+01
1.449642182605956187e+01 3.576142187434444963e+01 2.204464717630630233e+01
2.117465475359547256e+01 2.828636982404880484e+01 2.626470025570954192e+01
3.950477888953562911e+01 1.530233791997879322e+01 3.867330296517734922e+01
4.725999684741199758e+01 3.283121074328843036e+01 2.675111773493456013e+01
4.161975151966797881e+01 3.113581820450351856e+01 2.378170975422409228e+01
2.498038910058996009e+01 1.441481734996386521e+01 2.894491086740051955e+01
5.073996745273294096e+01 1.880900077576889018e+01 4.033058347156033108e+01
1.742539550165621876e+01 3.084847474800568179e+01 2.948202568967373693e+01
2.227446122132899120e+01 1.159991399755415031e+01 3.833474558941635735e+01
5.239155899744572764e+01 1.835020329122429672e+01 3.599131374463363642e+01
1.196461132076698775e+01 4.667835674094828846e+01 3.781419619746068861e+01
4.486754440369377761e+01 9.789644900211907697e+00 2.397144792696857252e+01
1.543518824730995043e+01 4.462043525481751516e+01 2.331940659445271535e+01
1.887078981471501749e+01 3.792607003699031054e+01 2.270135464710588025e+01
2.662983380248395093e+01 4.280256065975883928e+01 3.446248775007735787e+01
2.030772199203790507e+01 3.464365014671693643e+01 2.495382743121161795e+01
2.220202200471118559e+01 1.805377789826961177e+01 3.720875580589913767e+01
4.102331714772591909e+01 2.810342856300895775e+01 2.177901266378710687e+01
4.163251614722927485e+01 2.365233859146741935e+01 2.096968421436791274e+01
1.957879113088964473e+01 3.970584726760530003e+01 4.011075633027511600e+01
3.734451826126257856e+01 2.590138068018595874e+01 4.213262076341848683e+01
5.253447460948039804e+01 2.102272357045461249e+01 2.658244198831851790e+01
1.718812062577515576e+01 4.297576134753730770e+01 2.315611145411816096e+01
2.023672252986481368e+01 4.915558905740149953e+01 3.906024006557018424e+01
1.968934393488613921e+01 3.103305552488766494e+01 3.524849619078886320e+01
2.100498668904586452e+01 2.141074808707659827e+01 3.551734020686951965e+01
1.457294287525579790e+01 4.912279989986309658e+01 2.523764541542168161e+01
5.142271258310967852e+01 1.438872212097208525e+01 4.014294339622802710e+01
3.389737665374804720e+01 2.015454418006625303e+01 4.259195348121448177e+01
1.101756740778759180e+01 3.083129069963695912e+01 3.212172409140126206e+01
3.047069817249930068e+01 2.215594170478038194e+01 4.276792881654196776e+01
2.212993082421884594e+01 2.934529058665080115e+01 3.730707748357112052e+01
4.640666329685421232e+01 9.655191036633709700e+00 4.030280680022838169e+01
3.700653705801641991e+01 1.351489416981849345e+01 2.721740310303634658e+01
2.863190807216927425e+01 2.779648787399448295e+01 4.187814695458135361e+01
2.803892227531413539e+01 9.292016317681795812e+00 2.175032545552486596e+01
5.234395179776338125e+01 1.416631571283192947e+01 2.712796287139574503e+01
4.666700300004171709e+01 1.316548968381653140e+01 4.125367252829635589e+01
3.096216831150823268e+01 3.391361134477048012e+01 2.382016692070209274e+01
5.228324911966441846e+01 1.119154227199757656e+01 2.509467886520349111e+01
2.025300703199208741e+01 4.379771727516236979e+01 4.085546613230435753e+01
3.771699731753179208e+01 3.572149818967717039e+01 3.107508583203248875e+01
2.914429359002878428e+01 1.574405479997401791e+01 2.066640199345084383e+01
5.106719394644558463e+01 1.003584871393239197e+01 2.857523958281303322e+01
3.764311712156833778e+01 1.829790171989251490e+01 2.114908087925401148e+01
1.630932606125969997e+01 4.928221269495857371e+01 3.823229131334750264e+01
4.193870837179458988e+01 2.750479043312360972e+01 4.132045794164547914e+01
2.299846840099435497e+01 4.151846430657529652e+01 3.881637243656727776e+01
2.565171181336086192e+01 2.512223142784647933e+01 2.124537654354519134e+01
4.765262731802796736e+01 1.371749655269252166e+01 2.156691870873472183e+01
2.412274270209127280e+01 7.958882675582415800e+00 3.735544815020800513e+01
3.194158673193356890e+01 2.380887884818663736e+01 4.280811949325808996e+01
1.669652407261106930e+01 5.071241691636103610e+01 2.546378521733375067e+01
2.253731311071260635e+01 2.851332607649206352e+01 2.461503178705767070e+01
2.211321523189540983e+01 4.797627561564750920e+01 3.516016164097914043e+01
2.800782569282121415e+01 7.806783391299007668e+00 4.025651737171267541e+01
2.642388832533345067e+01 2.083681756135575824e+01 4.256541143205704714e+01
1.284041148669057897e+01 4.989759759672538308e+01 2.816763376720783540e+01
2.020499206807964043e+01 5.109969871326134694e+01 3.100295340481894257e+01
4.201013942781307264e+01 3.349356179534088795e+01 3.625472566351511716e+01
4.858772909260558492e+01 9.028905543524006205e+00 2.272583155402885069e+01
2.891892459142239957e+01 3.733647803728512571e+01 3.477930686379065151e+01
5.225017094780884719e+01 2.813884292663588482e+01 3.614981494714766797e+01
3.396317810382301161e+01 2.627833700571973097e+01 4.237828667557175777e+01
2.479772094216577827e+01 3.408057492837508562e+01 3.699559240640457602e+01
4.324767172466174259e+01 2.870693215306756585e+01 2.220565507478109524e+01
3.677506677865392248e+01 2.784492402626352714e+01 4.154190556877075124e+01
2.464680626936311825e+01 3.809804579961454607e+01 2.565353959626082059e+01
1.097880468154462363e+01 4.649028876551032141e+01 2.836210637271150858e+01
2.350669535067939719e+01 4.804913491868478559e+01 2.966685883138914903e+01
2.343984857398301003e+01 3.740758814588663483e+01 3.801644655335451262e+01
1.400597398568966234e+01 3.296415508540898998e+01 3.979388995175771271e+01
2.823252371671276961e+01 1.380157369556156333e+01 2.879013676471789651e+01
2.694991531915713523e+01 1.071081948271700313e+01 4.223952071498042926e+01
5.203673197649118265e+01 9.592192624895641728e+00 3.607013377531034592e+01
8.113560393163517404e+00 4.054178040239875713e+01 3.172620322479613364e+01
2.953550704462613297e+01 9.560892906658633450e+00 3.520620982993808923e+01
1.570891575582752608e+01 3.207918114488771266e+01 3.802175421111836329e+01
1.181053754303831127e+01 4.264349128694377100e+01 3.923664494953031578e+01
6.984443844770799714e+00 3.644845599930901869e+01 3.796868237139676694e+01
1.910519416319356623e+01 5.404919114425216264e+01 3.670040224087996705e+01
3.553069610602371853e+01 3.650754181884560268e+01 2.932135593845897859e+01
3.934508651762274667e+01 1.375097688353442571e+01 2.690272848895416757e+01
2.483674306579254676e+01 2.718101560231432501e+01 4.085400414003029113e+01
1.289730716707276947e+01 4.979150142376531107e+01 3.491455356708407720e+01
4.273884547957304392e+01 1.993990038950869348e+01 2.121632817864843901e+01
3.771033461987441626e+01 1.259226493730822938e+01 3.317279109707173745e+01
2.235484839356732323e+01 1.825041444810048574e+01 2.291552452358208569e+01
3.613376769344561978e+01 1.282561109013495226e+01 2.998718869733409065e+01
5.243659839202486950e+01 1.407736653301037499e+01 3.656954555970097687e+01
5.419025790004172904e+01 2.419632307276775762e+01 3.180911034358172174e+01
4.929533575820112645e+01 7.022523160757995875e+00 3.708292427471344865e+01
2.502629907115224484e+01 1.134071332565683043e+01 3.424249084650734432e+01
1.197965909202518553e+01 3.170628217363923440e+01 2.461844992006755817e+01
2.681901698697394565e+01 3.679954354386111959e+01 3.567709646035006443e+01
