2.265461981387011292e+01 4.624495369025050451e+01 3.646945510666412815e+01
2.063865042726731858e+01 5.016033916108928992e+01 3.456741602969763960e+01
4.211969321637963048e+01 3.335904068994171467e+01 3.646930238069337804e+01
2.424339343857138829e+01 1.813215949562526319e+01 4.224865979019762818e+01
4.679253782494962621e+01 1.111878716767520459e+01 2.955495416792341601e+01
1.181202723787480302e+01 4.820475412116921632e+01 2.792084128279265798e+01
3.494492828128657891e+01 3.183066929532256140e+01 2.329897070912572232e+01
2.785104013238383658e+01 1.193759134179009784e+01 2.069653387295327818e+01
2.108446481919916238e+01 4.509629203004222830e+01 2.046654622073152296e+01
2.014532143376542805e+01 4.178486521290547273e+01 2.329490950323590326e+01
2.238233873806580476e+01 1.415355640360572664e+01 2.626290581301046245e+01
1.382257642694147393e+01 3.226402555396640537e+01 2.408564750989745917e+01
2.999643360643796086e+01 3.647826787790866376e+01 2.598990388181124800e+01
3.397369753583724616e+01 2.202541500470250213e+01 4.272698161482021817e+01
3.595579000193850305e+01 3.573492999253304703e+01 2.703946129542896415e+01
1.990031696039137543e+01 4.951087415099102174e+01 3.766358418040328360e+01
6.903952835912709141e+00 3.513482048993193985e+01 2.672918825467400339e+01
1.844593086951032035e+01 4.454560982362396260e+01 4.178739685434970852e+01
2.976211108404807248e+01 1.887950033658143667e+01 2.037582192413226778e+01
1.199997181571589167e+01 4.004290312568454624e+01 4.030889837944826581e+01
3.411695098692055694e+01 2.753333871406228894e+01 4.197318919710193086e+01
4.291395116924641684e+01 1.903781776887229782e+01 2.136445505842745973e+01
3.582636459717634381e+01 3.220178924791714081e+01 2.373435636589689324e+01
3.444631561153612864e+01 2.365083361055378219e+01 2.030140328740366584e+01
1.882651624430610582e+01 2.850968453019938664e+01 2.997424048741130065e+01
6.805084913228084176e+00 3.714178988213723187e+01 2.572433533501027014e+01
2.412341249151263867e+01 2.402181556321622580e+01 2.175367626688964862e+01
3.590112229419773371e+01 3.638424001457268275e+01 3.244136149475465913e+01
4.599834073704608528e+01 8.477597728745198680e+00 2.808742918040167069e+01
3.249086140290938829e+01 2.794016413939677079e+01 4.187031540511212313e+01
2.321991355752342301e+01 1.810804521191301575e+01 3.162489773655402558e+01
2.034843015733732585e+01 5.104016914236469660e+01 3.126504343267085417e+01
3.770569790494203488e+01 2.740461943794791111e+01 4.161539744237314409e+01
3.398417001475064581e+01 3.249226442736882348e+01 3.941938160279093495e+01
1.091978983831849703e+01 3.115495048369077224e+01 3.637999120583028656e+01
2.218284390805552420e+01 3.481842965436946713e+01 3.741111690553078972e+01
4.719566220321455319e+01 7.034283355999032317e+00 3.659644526543853260e+01
1.444456508863233246e+01 4.483736382161272616e+01 3.942606028639681170e+01
2.532695345029294742e+01 7.387050477105744584e+00 3.888030383233725473e+01
2.055137297538549745e+01 4.879990827201648074e+01 4.303774510293531819e+01
3.942779487018698603e+01 3.505424108896339419e+01 3.254722463439102853e+01
2.365246013424668803e+01 1.866442347444546712e+01 4.176272538725321226e+01
2.248122414383414380e+01 4.748435512719527196e+01 3.520850158634425497e+01
2.193684292996070440e+01 2.003719104616940427e+01 2.469706296125125533e+01
2.592001828526962015e+01 4.122379274984011488e+01 3.670332074649124365e+01
5.224573160750768608e+01 1.491024503628366382e+01 2.457675554272260143e+01
2.016300325918777148e+01 4.462292102353144685e+01 2.087960092534932244e+01
1.180855706201857025e+01 4.332358384929929684e+01 2.387844980370788051e+01
4.354489980296856544e+01 1.291941957364725369e+01 3.792846529064837569e+01
1.990155514225216749e+01 5.120568447819859159e+01 3.133438577503638101e+01
1.073919552285368795e+01 3.099771382923388430e+01 3.436653705431929495e+01
3.079070408154380800e+01 2.722926305661173174e+01 4.223831065549538977e+01
3.194315033523422898e+01 3.336915176407092787e+01 2.359369962224322137e+01
1.201318659717824744e+01 4.920033109170702801e+01 3.185876750264523238e+01
4.779413167202845614e+01 1.387613122737239735e+01 3.286777688890722970e+01
4.935023809294292363e+01 3.300887963103535583e+01 3.294723157411260672e+01
3.094347154604905370e+01 2.537898228927583943e+01 4.266405162223846048e+01
1.714374799239732283e+01 3.083888362397320648e+01 3.334653390604364631e+01
9.876201895912524620e+00 3.997974836992668202e+01 2.347765291746954830e+01
4.526200741606555766e+01 8.084963431764771613e+00 3.803958830342524777e+01
2.766878474709081814e+01 1.010897890603690286e+01 2.125137989723203091e+01
8.016984980278433426e+00 3.631790459198469279e+01 2.335151877277077048e+01
4.858417495881167270e+01 1.597572277929478624e+01 3.170620802800181082e+01
7.562247425586424043e+00 3.439098959090912899e+01 3.817201119551062760e+01
5.334770297459772337e+01 2.265549019054001434e+01 2.867319086111632132e+01
1.852020627855137391e+01 5.409008810601430639e+01 3.756724732040447634e+01
1.567364579151968762e+01 3.828986540841031427e+01 4.090107093326368215e+01
2.776407319905051452e+01 2.082294251150402786e+01 2.031401184803902638e+01
2.101985832682018795e+01 4.848665128124289936e+01 2.463625442881214411e+01
3.796154625256296100e+01 1.731224362484038082e+01 4.153374271986587019e+01
4.988362666807712742e+01 1.135964425093525421e+01 3.336299405988712152e+01
4.482048209509904524e+01 3.258297101624052772e+01 2.547138816805662742e+01
1.077308071472256756e+01 4.504714135315116863e+01 2.616481702667880782e+01
5.137826056268454522e+01 3.032670836870492082e+01 3.509028739932796270e+01
2.297057983693772343e+01 1.028905416636606951e+01 4.031157326611122471e+01
8.243370815172760047e+00 4.007228962074981382e+01 2.597042153727221603e+01
2.261294497307185480e+01 4.462340968316988210e+01 2.447485648237310230e+01
2.911735371923840177e+01 3.595075237730494422e+01 2.547246121438040944e+01
4.836002085050068899e+01 2.650947537496371353e+01 4.064424527070374893e+01
4.161270943647096487e+01 1.807590464952519937e+01 2.156702280333602317e+01
2.066049013239175025e+01 2.097225975866949454e+01 3.042843471541235800e+01
8.781505703446480737e+00 3.269667503855175283e+01 2.588856733199876814e+01
5.067542309351456709e+01 1.202804627829996242e+01 2.938852354460740912e+01
3.262713468481975099e+01 2.173809542576469411e+01 2.030130632863934181e+01
3.225127671855149458e+01 3.221459072786606725e+01 3.987497363842864218e+01
1.237841890587400506e+01 3.802915950082385166e+01 2.199869993827302395e+01
2.642362493892612818e+01 2.186396660453211638e+01 4.244809384681556708e+01
8.273403106275274865e+00 3.778404480213787764e+01 2.337186129077850083e+01
1.945544585004791216e+01 5.209420717443755677e+01 3.594334036472891114e+01
3.878344136083921967e+01 3.107536313182114895e+01 2.348559389867502745e+01
1.691915923626540064e+01 4.198126993535150575e+01 2.287838376582632804e+01
4.634511282005868793e+01 3.019501598240558238e+01 3.936950077039550422e+01
5.434013387456413824e+01 2.772271374499968744e+01 3.069985282925762959e+01
2.719950626952291728e+01 2.162669018656557540e+01 2.041577164144008805e+01
2.117124753635951961e+01 3.032959815824440852e+01 2.695973680560950925e+01
5.094392672935469335e+01 3.189539248147664097e+01 3.071153371543936927e+01
1.206900517043220944e+01 4.928734738210051347e+01 3.157938708183290188e+01
1.195937642725367844e+01 3.519340158818063458e+01 2.191416372346397168e+01
1.803672714441553282e+01 4.222232823444610972e+01 3.996894242737667469e+01
5.067423347132295675e+01 3.209816257255899075e+01 3.243823934868275671e+01
1.738342496678298943e+01 4.574655563565359984e+01 2.069161453859172894e+01
1.309960117386087930e+01 4.641008027045683093e+01 2.413525042921492769e+01
4.293642479291850123e+01 3.479134502208174240e+01 3.124210100607378493e+01
2.459193944498759521e+01 7.980291060558593053e+00 3.641383735759567486e+01
1.589806370546214964e+01 5.262829306040507049e+01 3.717909375244201442e+01
2.386410882765689578e+01 4.494301043557123165e+01 2.634740049166575204e+01
2.112242943231743908e+01 2.077496765178790028e+01 2.872630900087845518e+01
8.588240682230800616e+00 3.738079352059921945e+01 4.000549310274679016e+01
4.432463383105161370e+01 3.307050297779119319e+01 3.685376033077959335e+01
2.861028125061804417e+01 2.166308322267951070e+01 4.267535291159814648e+01
3.325945988094390771e+01 1.396560253972156040e+01 3.333230285469605292e+01
2.962425306599828545e+01 1.100767657554651713e+01 2.172899831870629583e+01
2.758407182748133124e+01 1.485562886976183528e+01 2.027920787436686467e+01
4.028694759790243296e+01 2.573853565096960239e+01 2.100402080137218164e+01
5.123324649823011612e+01 9.907576902687154075e+00 2.350663677123335304e+01
5.228695136512457253e+01 9.920913111453385724e+00 2.584953203830995250e+01
1.805406220904968606e+01 4.964448873013572694e+01 4.105821992741621784e+01
4.846036665819011091e+01 9.106461938425860936e+00 2.268267851674288238e+01
1.714862670254695942e+01 3.073001718121542325e+01 3.025088381318333930e+01
1.529653417975868734e+01 4.835909432216502779e+01 2.413696289460919076e+01
1.939043678583568564e+01 3.201745183486385571e+01 3.611300823468737065e+01
2.268029409299417409e+01 1.467021015120778493e+01 2.199640462955984432e+01
1.834744527676561532e+01 4.949614937507490708e+01 1.943372051230868891e+01
3.433276750683748446e+01 1.476285959371477219e+01 2.634187066285997503e+01
3.891119660341159658e+01 1.267872771455529701e+01 3.336394351140855008e+01
4.168937646670569563e+01 2.753507487932778730e+01 2.158989191478198322e+01
1.124326682876102090e+01 3.100298101287458863e+01 2.788159860413176006e+01
4.650542066609514791e+01 1.952609101475472642e+01 2.146474251810088418e+01
4.123295631898704983e+01 3.480068992679649398e+01 3.081965248967956228e+01
5.336599008940704181e+01 2.318929566671044284e+01 3.466137221705669447e+01
3.375918459405490779e+01 3.418976969680424816e+01 3.850237212437896517e+01
2.386916651889841035e+01 3.986256792218328115e+01 2.444377961553435341e+01
2.132347542468654211e+01 2.765326198602566166e+01 2.580447633353182013e+01
3.953510815609103446e+01 1.261847624634308573e+01 3.090661654119541168e+01
2.332852618043841630e+01 3.184082764058515025e+01 3.715115596598777614e+01
5.114062492315080988e+01 8.366342550679586765e+00 3.835171201760386595e+01
2.750881755220711611e+01 1.876866537285296843e+01 4.281194257161995154e+01
2.160550444742978016e+01 4.533982653227032955e+01 4.197351374425545600e+01
3.231624072693684013e+01 3.684228791089111610e+01 2.674737732418847358e+01
5.100524546309939922e+01 1.147348211314516320e+01 2.908108880661760054e+01
4.690881927256167216e+01 8.536626531981490018e+00 2.335781025379153419e+01
2.047727868436560783e+01 3.507167360924758270e+01 3.846744620250031943e+01
4.774409932274436841e+01 7.222849494177410179e+00 2.520150433713148885e+01
1.769472691777047402e+01 4.014107963609478702e+01 4.044055556958650754e+01
3.324512654897727515e+01 2.461137737244439094e+01 4.268880091814153843e+01
2.183001040790336589e+01 2.137011475735231159e+01 3.874878492233779070e+01
2.856099812279915184e+01 3.733994671738420834e+01 2.814928637490858065e+01
4.551358374403241669e+01 3.415794527323825491e+01 3.424377484091737500e+01
1.750582699427850741e+01 4.912947717310545670e+01 1.940538470869105936e+01
3.976979182925465750e+01 2.279756102140344964e+01 4.222845778563696939e+01
7.148394907371454110e+00 3.921076828088720134e+01 3.010472047816041652e+01
5.244336280283149421e+01 1.902663693529132871e+01 2.828427347103949430e+01
2.315645796264561085e+01 1.647506645482010157e+01 3.508555870433119139e+01
5.049328114738987949e+01 3.011183063719392550e+01 2.597638612423678950e+01
2.713576795330212832e+01 1.550532101609274349e+01 3.044499851171240579e+01
4.282412043086673492e+01 1.721334979271085075e+01 2.192516073516227948e+01
4.545924510672506358e+01 1.156249531172131917e+01 2.888616020691954134e+01
3.282931904044407645e+01 3.627773902776121417e+01 2.599208733817187067e+01
3.277051226358609881e+01 2.680737327270155745e+01 4.227191071319629145e+01
2.265072747027003786e+01 3.898270568956396431e+01 2.390986402770755959e+01
2.835563873490480802e+01 2.894243253372138369e+01 2.147145933874770662e+01
3.086901192771415481e+01 3.091535022225978580e+01 4.064335289069487089e+01
1.951252443983763385e+01 5.096931738144699153e+01 3.617469514629634375e+01
4.571804694463572361e+01 1.030306025224352062e+01 4.019070232552045496e+01
3.553463462974089282e+01 1.505164767238759893e+01 3.811787216688193780e+01
4.110820008640806122e+01 1.744941424776284933e+01 2.187941299013291641e+01
2.261054780376987239e+01 1.406942134705034952e+01 2.682058040719321923e+01
3.991775727059005874e+01 1.421496831380568615e+01 3.676174737292427608e+01
1.059843899676773482e+01 3.103170144837134714e+01 3.084513326319076043e+01
3.890122786036660330e+01 2.414074657935737633e+01 4.229276739694372367e+01
1.359582997865320131e+01 3.362482407661794781e+01 4.032378272692193377e+01
1.873386581228503900e+01 3.688320845366527578e+01 2.284080817713629585e+01
3.547520146716277623e+01 3.540621824540807694e+01 2.615300208130967974e+01
3.703501778769596342e+01 3.590096286965918182e+01 3.308174458316379685e+01
2.359723814094698113e+01 3.569234182035044256e+01 2.599732679719779682e+01
1.987401330252185971e+01 3.126466955327229158e+01 2.750357893110501450e+01
3.392821136396341331e+01 1.740808016248736934e+01 2.165454445080180790e+01
1.376245062420512610e+01 3.139614888252865654e+01 3.803665743810669397e+01
2.954758451511082740e+01 3.702975878844675606e+01 3.566778418178132881e+01
7.829370346651412405e+00 3.297742240853605011e+01 3.012164313288984729e+01
2.438112365962307493e+01 4.175421902470571212e+01 3.803992436204603678e+01
2.855514131317247006e+01 1.286249781180691443e+01 2.073952573171336766e+01
3.560912199924168675e+01 3.245552247386253697e+01 3.901880190148044392e+01
3.108707423143160753e+01 3.588535189077886400e+01 2.529326325049061808e+01
3.093359021879313886e+01 1.061285524812639736e+01 2.656938856326266674e+01
4.954085235723225367e+01 1.281075661447570724e+01 4.125997050399235633e+01
5.029934343390411300e+01 1.250299878346115534e+01 3.342207271824114656e+01
8.579119669911397850e+00 3.870084129541718454e+01 3.914303714330561235e+01
3.417836181808405627e+01 1.422194515789270497e+01 2.766528328114875990e+01
2.415550830458777298e+01 1.737844475033439195e+01 3.099754422007257659e+01
2.043323204879290245e+01 3.517181253888776382e+01 3.856010918559345413e+01
2.181876913194617984e+01 3.668266000101294111e+01 3.869263027155722767e+01
2.962556678895344930e+01 1.116444033738780384e+01 2.804940207393185858e+01
2.897087567032794553e+01 1.238215994508968087e+01 3.452464880950101644e+01
1.504416101896896052e+01 4.630985213268262157e+01 2.348283548221620975e+01
1.446989805388265360e+01 3.299351035036430346e+01 2.359502599807494860e+01
5.024559734498676988e+01 2.549060443278305144e+01 2.319225085797464914e+01
2.074469147578628281e+01 3.473620568987836066e+01 2.510726003147598107e+01
5.081851270055294378e+01 7.812306599398782581e+00 3.635338440236053970e+01
5.104895129634232376e+01 2.234057503909514963e+01 3.925660963287224803e+01
1.728087092219961107e+01 3.512912325267604530e+01 2.303374852777727710e+01
2.226983401065042045e+01 4.667491998295909639e+01 2.627845869884065522e+01
2.931343157798875865e+01 2.478851906929764226e+01 4.263521818903815586e+01
2.221341551288094607e+01 1.738097829662988048e+01 2.303525352765192125e+01
7.986521866251603541e+00 3.444435100211003942e+01 3.905952961847528115e+01
3.048034663183490522e+01 2.001813658381360383e+01 2.033671341243685760e+01
1.488481897151148914e+01 4.395265939483437734e+01 2.335443375818938705e+01
3.273760528603880715e+01 2.097172080803049710e+01 4.267745589000798390e+01
2.651276818242565270e+01 1.584266912242004466e+01 3.005347527034447097e+01
2.041218601093527596e+01 2.364211209910879319e+01 2.693805678931531133e+01
2.251036859509000720e+01 3.846164339112845454e+01 3.906588737814260526e+01
2.339998968441737048e+01 4.583426897925038190e+01 3.596740342557398407e+01
2.255049423124965102e+01 1.725480398493220235e+01 2.223660701190825506e+01
1.268123937089880471e+01 4.400918709819716668e+01 3.921850820083209044e+01
4.891948179709581979e+01 2.971435318627546707e+01 3.868479718486238994e+01
1.768489416564469607e+01 5.500099988438526566e+01 2.711979119916948378e+01
2.318997861292454843e+01 1.046524740228888817e+01 4.068190439477483267e+01
5.172903039147362136e+01 1.013277598561950299e+01 3.911026067448261756e+01
4.020420654324028220e+01 2.121886526627314851e+01 4.208601760749605347e+01
2.652523926786754060e+01 3.634919288406995008e+01 2.663873696561830684e+01
2.018885221249573192e+01 2.456406974101587792e+01 3.577661659657598392e+01
4.664597904929128447e+01 1.015123383928544243e+01 2.922000686011124415e+01
3.494152374837462105e+01 1.704870718751512015e+01 2.188162522791165188e+01
2.001196224641256194e+01 3.906360622325841803e+01 4.005514220342433873e+01
2.464105990157212389e+01 1.467852966149922267e+01 3.420991199981538955e+01
3.411984469440020717e+01 3.263568784041645188e+01 2.357889567504178174e+01
5.237393723464063555e+01 1.242754616286687863e+01 3.606137663879772504e+01
1.775580655094105609e+01 4.124863197051845276e+01 2.277179544598110539e+01
2.022850176398787880e+01 2.363092406303855242e+01 2.737434062409105806e+01
4.153329117462065767e+01 3.388398733944551111e+01 3.560513382053927955e+01
5.279934659175545875e+01 2.950161113619877895e+01 3.245131600451087905e+01
4.690183942006592588e+01 1.325653816353435843e+01 3.315160635964295466e+01
4.463441139727718365e+01 9.032333335768758076e+00 2.517659370032465205e+01
1.983599343259052006e+01 5.014735440844124525e+01 3.628682210681678555e+01
3.455750222824984519e+01 3.691798534613025140e+01 3.004425031961558545e+01
1.015604834128497203e+01 4.304399686946257475e+01 3.702218480861301231e+01
2.435936187522481333e+01 1.754793198521187847e+01 4.236441670852966013e+01
2.262609143819245716e+01 2.821800815326884049e+01 2.432350292432628436e+01
2.298789430804480105e+01 1.556106453667153211e+01 2.156912407492613681e+01
3.163290826334165118e+01 1.214183700364763396e+01 3.834979586675193275e+01
3.353448793363243396e+01 1.759204905650272721e+01 2.146727197481470029e+01
4.517978683043091337e+01 1.609943605517899812e+01 2.190059278957382460e+01
4.324359955804364830e+01 3.403780850598359820e+01 2.759586677951633860e+01
4.244464612607388432e+01 1.368993270175361232e+01 3.342884203288471667e+01
3.682297756441305125e+01 1.291733769288118694e+01 3.411973543117387209e+01
3.440341063384983045e+01 3.495825296982074804e+01 3.768885712244945552e+01
4.129050842830830703e+01 2.212283508935215437e+01 4.203722033390971546e+01
3.804489044723796098e+01 3.249250061767943976e+01 3.827644925147990307e+01
5.014024475907014278e+01 2.644980686529589420e+01 3.964605406284420752e+01
1.939918021983352858e+01 5.204258330189481541e+01 2.800470844599527709e+01
2.445653141995201452e+01 1.718112798746088998e+01 3.254455811763241968e+01
2.099003871888300665e+01 2.529641962823627566e+01 3.733701034815636888e+01
9.967913280782841667e+00 3.969331863221452039e+01 3.967290968660433492e+01
2.287491671022207385e+01 1.375057791915668304e+01 2.720840365210989376e+01
2.795857015276673607e+01 3.030926207215605928e+01 2.217533996145311903e+01
4.876486818254667099e+01 1.199523998329067531e+01 2.986546209587467615e+01
4.837480226097805769e+01 2.306287010497601742e+01 2.200860270401310714e+01
2.973620712474704675e+01 9.908377372721808740e+00 4.098421274239784395e+01
4.634582071870305242e+01 2.674141622569660370e+01 2.173584406418606463e+01
2.463699593828085455e+01 9.314753472026703562e+00 2.781024405443599079e+01
2.725944242013683549e+01 4.252352763985081907e+01 3.212380047432932884e+01
4.041964452966549004e+01 2.185353337081921410e+01 2.093539579669358375e+01
3.096420649442204365e+01 2.669479168407089986e+01 2.050256360851047788e+01
1.982760055174866665e+01 3.664694529143735480e+01 2.343348145557519757e+01
5.118312508432448737e+01 8.483145023800087614e+00 2.720923384526246025e+01
1.414692030719287175e+01 4.652566003539438100e+01 2.391693403281824715e+01
5.196466257111745080e+01 1.064111915185451451e+01 2.753105228501668122e+01
2.395626725015136316e+01 4.095130253337490700e+01 3.848645849369940919e+01
3.666632602817378483e+01 1.737608227557042540e+01 2.159284735498327734e+01
4.180958967575225671e+01 2.013499344477399688e+01 4.187245717871996220e+01
2.197275023484918677e+01 4.624731746193951665e+01 3.916169663164829728e+01
5.042414267796191751e+01 2.706100266257397635e+01 3.919328390480542623e+01
4.544643621990120153e+01 1.418765489383572032e+01 2.213755017862697372e+01
4.707869772982887469e+01 7.140229718500860301e+00 3.774181367745261184e+01
1.588606702423430583e+01 4.229399231736742593e+01 2.292144395657842182e+01
4.993835342037729674e+01 1.431920564556258668e+01 4.116778879324748885e+01
6.591725862757159327e+00 3.522605116293278371e+01 3.406313118027512132e+01
2.854205011126371261e+01 1.301121545829660775e+01 3.436775038707659746e+01
4.407693114713476490e+01 1.078849615904868919e+01 3.829188873703213858e+01
4.980792107351466314e+01 8.605583027894176951e+00 3.976929836046686262e+01
1.858063741379893230e+01 4.341378794046750045e+01 2.314947182023905015e+01
3.732770977671231094e+01 3.564079307866697377e+01 2.859861330152864056e+01
8.270368072547819693e+00 3.669368776311222291e+01 3.989233297523160360e+01
2.227237849454208884e+01 1.503603535067017205e+01 4.030752646586152110e+01
3.577458258008846315e+01 2.906498878298866018e+01 2.177262049945863254e+01
2.151011415122458459e+01 4.735990480052359430e+01 4.192471126465333953e+01
2.204561271651262899e+01 1.497195486679936494e+01 3.946329571164901040e+01
5.035073682282390450e+01 1.924423631662697431e+01 4.052203169207631817e+01
1.718581713734197791e+01 3.894195750547322632e+01 2.236104968447476082e+01
1.878406297839373806e+01 4.515935527794306381e+01 4.313722499035430502e+01
3.274285557101437405e+01 1.411190905839464094e+01 3.268196537596868012e+01
1.771403742963442340e+01 4.515859124250026468e+01 4.226189585559946238e+01
2.059356973551324543e+01 4.360556336112470177e+01 2.307788138363245878e+01
2.663768135861793596e+01 1.668995967629300026e+01 2.020716271870076852e+01
3.558388443801430867e+01 2.781621644950990913e+01 2.120453889362681466e+01
4.641852751260275056e+01 7.498282616121622723e+00 3.586682468670019830e+01
2.266846027673295794e+01 1.043965661335528239e+01 2.564664464769439434e+01
2.591884573499525146e+01 1.945958224005204329e+01 2.035509994158103098e+01
1.900412269327483727e+01 2.653298803513778026e+01 3.279864656151443825e+01
2.000629284010847186e+01 3.544771598537288071e+01 3.897355254612198650e+01
3.008125121198116858e+01 1.505049705373768809e+01 2.879050615820685266e+01
9.056452186523358705e+00 3.977122902833309581e+01 2.407701785840179909e+01
3.528734395592037743e+01 1.302214473606239409e+01 3.260643077311149085e+01
1.758099287138238509e+01 5.190712995669650809e+01 2.926908671892239155e+01
4.505610105598938731e+01 3.457618819712860869e+01 3.291756755710959226e+01
3.046216136184115442e+01 1.013338355177339878e+01 3.583640716228538992e+01
1.609955591349161352e+01 3.311292833492211685e+01 3.911167032524481613e+01
2.180105150711120032e+01 4.618870721802051094e+01 2.098938306913363760e+01
1.890644346137381149e+01 3.907632279165071054e+01 4.034080404633753858e+01
2.579273273522976595e+01 1.233886085496485663e+01 4.259232187013908799e+01
4.403217094757909678e+01 1.116438035288494390e+01 3.846365909343600009e+01
1.712622476330880161e+01 3.067686637356769808e+01 3.232330695168634804e+01
2.602856279166838505e+01 1.057744395665836201e+01 2.095197161551050868e+01
1.778621911451018534e+01 4.667598104800816117e+01 1.932486798129331262e+01
4.409317452408980387e+01 1.086141643516637956e+01 3.840795973061458568e+01
2.654374908441416636e+01 1.100411650771028604e+01 3.401997265732138942e+01
3.087497294241427426e+01 9.307492463307115216e+00 3.891606504976522274e+01
2.673872498696510291e+01 1.787974831764751116e+01 4.283184116336498448e+01
3.152021079704237749e+01 1.409580086435603619e+01 2.291363684434446668e+01
1.792561506448090825e+01 4.404712400891378365e+01 2.306618082861487551e+01
2.320138480303588580e+01 4.764606103907314605e+01 3.414149979280320224e+01
3.540181784015749145e+01 1.814889021626889942e+01 2.110492271176266144e+01
8.619981335812546774e+00 3.274587520493674475e+01 3.741820141220436824e+01
2.269633131067326914e+01 1.696542139457167764e+01 4.104942755656802689e+01
2.759024623794663356e+01 1.495759148065565469e+01 2.027755438009974398e+01
2.225148817041822014e+01 1.818637887537681763e+01 2.329715105660666907e+01
3.161080471697435712e+01 2.204494110109261129e+01 2.025448434906702744e+01
1.509630422198770816e+01 3.219611386563175159e+01 3.853794736468066162e+01
4.211355092527823984e+01 3.195737204099731343e+01 3.827312282254846565e+01
4.854626069637352259e+01 3.350933884211316638e+01 3.034134536197922216e+01
1.025673042908675470e+01 4.437362888098937219e+01 2.772561425982647876e+01
4.845932184524972541e+01 1.315068541920969380e+01 4.145469912371916621e+01
3.910364552317175679e+01 3.353833860054147209e+01 3.694620066335441066e+01
2.950964490018917630e+01 1.355006166790461108e+01 2.104033152471771473e+01
1.810002283479374441e+01 4.980660257914513522e+01 2.421228647894870534e+01
4.504934036947315690e+01 2.796842799065802154e+01 2.202311820537719456e+01
2.064417004068496553e+01 4.346247711762620725e+01 4.009659919392662886e+01
3.390419754321554535e+01 1.399715912072935708e+01 2.866800499918867828e+01
2.674015779007314464e+01 1.301522880232479551e+01 2.031798056816628417e+01
2.072538677680377361e+01 2.100408326904210909e+01 3.347831705966143545e+01
4.933220356675101925e+01 2.904305696246452939e+01 2.389744290438198249e+01
3.039196091446511261e+01 3.474571497354170901e+01 3.844161787302687117e+01
3.051841416904456494e+01 8.676506635494273922e+00 3.889711489915934806e+01
3.047888180136485659e+01 3.572696954066445585e+01 3.765829289977794048e+01
2.261362302140102543e+01 2.312404517096053524e+01 4.004125174233594464e+01
2.124347573012239820e+01 3.539125441159553276e+01 3.823342259815153454e+01
3.371283050119839686e+01 3.118828303601880236e+01 2.266555243845504464e+01
5.385382418971718721e+01 2.436712638249194285e+01 2.963014718889309052e+01
2.412997136255260600e+01 4.393858273962760563e+01 3.711600990203406525e+01
2.122301975841129007e+01 2.987318379820618475e+01 3.611329200282161622e+01
3.056489222348346146e+01 2.967413653343768232e+01 2.162545889959628198e+01
1.558561699497086472e+01 4.828476453367909471e+01 3.903082260714228369e+01
1.471602682315461053e+01 4.301783022150179647e+01 2.313413312435029923e+01
3.451855093938681307e+01 3.688653463036752811e+01 2.922157377144208112e+01
5.396221794816223394e+01 2.385002174830488286e+01 3.243546537074318081e+01
2.439934874870320769e+01 3.099493551498238020e+01 3.831003603919303657e+01
2.689813713756664271e+01 2.727515246841321428e+01 4.165004171685353640e+01
2.101639277412959217e+01 2.250086544464591398e+01 3.707769604239634020e+01
5.094596203089864161e+01 2.766219300486154253e+01 3.834855063529273878e+01
5.080419731238688996e+01 1.227684227381798721e+01 2.934369825458396264e+01
2.050387085931912168e+01 3.672332072110595647e+01 3.940347991148733797e+01
4.598656911984988227e+01 2.203085240338277373e+01 4.160326798360054568e+01
2.274272764172907202e+01 4.385778985813550435e+01 2.462053921498073095e+01
4.574533079272053016e+01 1.687331618578111403e+01 4.143699596664967544e+01
1.290577254583865319e+01 4.387242565283526119e+01 2.361341204079707268e+01
3.457659934945993285e+01 2.628582590505698491e+01 4.231889562916401815e+01
2.204850198245547688e+01 1.632371820460369349e+01 2.380939682785493261e+01
2.336026276891154652e+01 2.084731985138926902e+01 4.123548187559642031e+01
2.034455900254180349e+01 2.923206007287875252e+01 3.527616131233490648e+01
3.992421394395543643e+01 1.802963559132788518e+01 2.141033089753219443e+01
3.557985528823975585e+01 1.403874270379382239e+01 3.649016671189475858e+01
4.815762939965863154e+01 7.188149783163012785e+00 2.517649600839276047e+01
6.632313698734192187e+00 3.637799860614570946e+01 3.627628351590857392e+01
3.538873522138923278e+01 3.477513532495969883e+01 2.541362484484026751e+01
2.100145420075141800e+01 4.831842504703339358e+01 4.190464596310237511e+01
2.651042877121907537e+01 4.023875595311223208e+01 3.592982864932154996e+01
1.776382077548927896e+01 4.949721243987432473e+01 4.022348317821617769e+01
3.185341459128130026e+01 2.340653442974752352e+01 4.281045458402563497e+01
3.761091395754581868e+01 1.310861702819187435e+01 2.809762978633860797e+01
4.950589328349120422e+01 1.848008517323066258e+01 2.184703951375706765e+01
1.043522036791583929e+01 4.524072731323272478e+01 3.385641947418183406e+01
2.169105878951737765e+01 2.361589956423673797e+01 3.862240433013013075e+01
3.683956370034162831e+01 2.228309291034570094e+01 2.055363226903068607e+01
2.819568516538598146e+01 1.522356031280013866e+01 3.020569257604845603e+01
1.643190481233907718e+01 3.547110727417052090e+01 2.262185927125307927e+01
4.891641596772755207e+01 1.239154712933384417e+01 4.136038233774182515e+01
4.619985066237452287e+01 7.772231887765734371e+00 2.721754264679085367e+01
2.978605707071815090e+01 3.382749225311501817e+01 3.907751015715927423e+01
2.556178680028613215e+01 1.789519671225529862e+01 2.030541092070758680e+01
2.146391791758735579e+01 2.119002418821649059e+01 3.721472694571876616e+01
1.927584732393860989e+01 5.239181421740453715e+01 3.507429292446612124e+01
1.655913177167857242e+01 5.109557902146398334e+01 3.744501691144132138e+01
2.088159705858377535e+01 2.329218361836642259e+01 2.607692438357830866e+01
4.270675724479906421e+01 3.176759983118224540e+01 2.434956885094107548e+01
5.238018785544790035e+01 1.443731445905248201e+01 2.688499606700208844e+01
9.827292217955605480e+00 3.436652331052653153e+01 2.275088837003352893e+01
6.611448660419695145e+00 3.634687846849298154e+01 2.700195790138140239e+01
2.156812315412587466e+01 2.364985184164577348e+01 2.462059166896826312e+01
5.216089484948895461e+01 1.334365228144748627e+01 2.768729643852873323e+01
5.302704976528946190e+01 2.451643026817380644e+01 2.699948770230295736e+01
1.824044350341765153e+01 4.192662023215568468e+01 2.301284007846877344e+01
1.249000833933490284e+01 3.410530878861679582e+01 4.074861496906109437e+01
2.395239834098428133e+01 3.515610480892708978e+01 3.684736256360336881e+01
3.253262214100815441e+01 1.518531570541197340e+01 3.928673691695087200e+01
1.652939388069997051e+01 4.885556432214455924e+01 2.083462909146224007e+01
5.320279741610569602e+01 2.109517830447775566e+01 3.259387314584795092e+01
9.316818275849668041e+00 4.247033723158764928e+01 3.296586873114439697e+01
1.242726626047144656e+01 3.150254968245354803e+01 3.843586986173523457e+01
2.705098366942001320e+01 3.945857745735368383e+01 3.407968438433400848e+01
1.461625363591797111e+01 4.581917095245259475e+01 3.940694621717591417e+01
4.779538197163144275e+01 8.469476079902285903e+00 2.314124556258356336e+01
1.555168800750321090e+01 5.045956448710010278e+01 3.680857188892088061e+01
2.527235433913476470e+01 4.657395323052152492e+01 3.231647100718409860e+01
3.580507702986233198e+01 1.317807444528595795e+01 3.405533367252646570e+01
4.498289890020152626e+01 2.844141337229279998e+01 4.066128314287973211e+01
3.714277232547577512e+01 3.583690330085818232e+01 3.323046200983541354e+01
3.538163661209173227e+01 3.276416576060836405e+01 3.891774089505297241e+01
2.424100319834055739e+01 4.419772046406108501e+01 2.614019523009372392e+01
2.109194230170535533e+01 3.448580525988651857e+01 3.768687188519678699e+01
1.937191741077871399e+01 5.328453685962146125e+01 2.679345357475686740e+01
2.092942594440384241e+01 4.840345860111763443e+01 4.215243709593458732e+01
4.897897354170358142e+01 2.348911594869477426e+01 2.226527596028812184e+01
1.696704535431875627e+01 3.280557938977742083e+01 3.831065801967267248e+01
4.757000220488320252e+01 9.377731436342500615e+00 4.054830193373323510e+01
8.464975625187681985e+00 3.308175501765028059e+01 2.551220557041563453e+01
2.690853470362034727e+01 3.559445112672496236e+01 3.680215614915580602e+01
5.250927127722889054e+01 1.314287800676236095e+01 3.694981146827227292e+01
6.716305701910127546e+00 3.482105197930580687e+01 3.403875599928735340e+01
3.664694161860316513e+01 1.402636077317060703e+01 2.630306698472145399e+01
3.197992009679070691e+01 2.134246384222861792e+01 4.273352731578341235e+01
2.636559468776062687e+01 1.064554244873475142e+01 2.889392586387558026e+01
3.383114144240594356e+01 1.989168289045470672e+01 2.050565115699795626e+01
5.068582172021809384e+01 1.364781013600043913e+01 3.346599159096039244e+01
2.991924024257671988e+01 1.407782540355688639e+01 3.488226856311189295e+01
4.458083572940209649e+01 9.116804335404983917e+00 3.607114602029766104e+01
5.327627607098337137e+01 2.896802457144208276e+01 3.140749324634594686e+01
2.269978295467986129e+01 1.165228812299707251e+01 3.650797398545507377e+01
2.471305070938041126e+01 3.392240978326630341e+01 3.702165181216604140e+01
2.188139071281095482e+01 4.999765269598074724e+01 3.268366842625308522e+01
4.975750731953877448e+01 1.101936246841397526e+01 2.213250314456984569e+01
9.421207173035297089e+00 3.338703289608356783e+01 2.384183945186198983e+01
1.147847908920991955e+01 4.721564568842731546e+01 2.729154399410034415e+01
2.163997071218376789e+01 4.716249742254301225e+01 3.998230169116098409e+01
3.612737676705778256e+01 1.725335941210618529e+01 2.166084015606227098e+01
9.002032129165124630e+00 3.226024668774613957e+01 3.664437245623339834e+01
3.136801523774599332e+01 1.274810258669313967e+01 3.689639965286932011e+01
4.997836216330763648e+01 1.257227526838169851e+01 2.190162085600533004e+01
4.507751008402966164e+01 1.108009914246672345e+01 2.845498357788631694e+01
9.828075055412677230e+00 3.328256294054498454e+01 3.964714893830766584e+01
4.738819658915460309e+01 8.669961297643189013e+00 4.015551584901429294e+01
1.690122637980719844e+01 3.131654398434058351e+01 3.543976667031301986e+01
2.662235202307996929e+01 4.272001919015833948e+01 3.456781095869058618e+01
2.010349422136603081e+01 2.315038570165593512e+01 2.796246006041061705e+01
2.318488682943351975e+01 8.873694995401294250e+00 3.755734623681404116e+01
1.183966711754679224e+01 4.259552725803838769e+01 3.926769124422695256e+01
9.373270806123565890e+00 4.165288051356333199e+01 3.676973626309289500e+01
3.887298552493184900e+01 3.525492941606719199e+01 3.018680047110275311e+01
2.560566961937436758e+01 1.603684578404294570e+01 3.331236087580677463e+01
3.070336960134742199e+01 3.731962144789729763e+01 2.794590710363995356e+01
5.071968051876270067e+01 2.647523372661481744e+01 3.913421375098938881e+01
2.129624834917950693e+01 2.782293395416911608e+01 2.591247018772657285e+01
4.250392166828289930e+01 1.770891148863284315e+01 4.135491561492482049e+01
7.418119366470709686e+00 3.418949767025746667e+01 3.741029301685511399e+01
3.669044409939631635e+01 3.608436724760209557e+01 3.216005351392807654e+01
3.367457110524501473e+01 3.538680992743693565e+01 3.752003218985839794e+01
2.430288106012435279e+01 8.793782396019540926e+00 2.278807734282134234e+01
1.881633921015502509e+01 2.893693895189441889e+01 2.987456195373174950e+01
2.909417821100049650e+01 3.762254502236597631e+01 3.007841579823322675e+01
2.476438921242313640e+01 1.697469669429444039e+01 3.292635607520402630e+01
2.939798494308642773e+01 1.752000637357969381e+01 2.052628143358812096e+01
2.700718985176192888e+01 1.547470568913173317e+01 3.202877587160667616e+01
4.090472816155686075e+01 2.794440565890413097e+01 2.169630550159264359e+01
1.397366604384165711e+01 4.021249142702510682e+01 4.053722451197112520e+01
2.186694643805481064e+01 2.030109371721027500e+01 3.817022527855704794e+01
2.201281541509881734e+01 1.371521767500877864e+01 3.905582984902260790e+01
3.494991433195171027e+01 3.583636553223357168e+01 2.639712374139745776e+01
4.550249463679944029e+01 1.079241413074570488e+01 2.291411211175371676e+01
4.909198030785300659e+01 1.587303308730472295e+01 4.145415626005173237e+01
4.707009826353348103e+01 3.425133383400904563e+01 3.176762617677824352e+01
4.984269690828484300e+01 1.256227299700169908e+01 2.974165562729181289e+01
3.465661131491003033e+01 1.794447426177050176e+01 4.196512083127268511e+01
4.948619584872226085e+01 3.062370813937014447e+01 2.544069787799696769e+01
2.590368957453784304e+01 3.042993689208199370e+01 2.307435773569932991e+01
3.194909643557227952e+01 1.464636138754044836e+01 2.376898654859842352e+01
5.226535010642547263e+01 1.648973172903020412e+01 2.500216697992360082e+01
3.967944472696974856e+01 2.545364952582341544e+01 4.206002594506659875e+01
5.205412093472673973e+01 1.472157475126892123e+01 3.499217407032754323e+01
4.499474372630981378e+01 1.924333173377983286e+01 4.159383135007882260e+01
2.353409770334099704e+01 2.035049003704915194e+01 2.151027297567735275e+01
5.086499896331498860e+01 7.872341847107461099e+00 2.604216454850965334e+01
2.366086653478424040e+01 3.691164007760546895e+01 2.549452560462005124e+01
5.072582355057544135e+01 2.353503686607778178e+01 2.349345147057127647e+01
2.487049047804272206e+01 4.125227059527414042e+01 2.510440282745353002e+01
1.372113383035055634e+01 5.094901318181561578e+01 3.071378089540028711e+01
5.050479322945346894e+01 2.925645405992501935e+01 2.516569424856080417e+01
7.316495033475296061e+00 3.562048096333224123e+01 2.457953696649732223e+01
2.726864815206107195e+01 4.100031672461110333e+01 2.901460842363359305e+01
4.576154585879017844e+01 3.068198966096119662e+01 3.905921069451105865e+01
1.083998450108208544e+01 4.431476184200346324e+01 3.752216063443218275e+01
2.113727201959029856e+01 4.637496272729788416e+01 4.385210692855653036e+01
4.384127551326955086e+01 1.412185312582821872e+01 2.827865904901277716e+01
3.843225561304647186e+01 1.575687290373400984e+01 2.377536309732271036e+01
2.495723564114070925e+01 2.562786983558303433e+01 2.159714972722473192e+01
1.632675744576700083e+01 5.418043702636632730e+01 2.630201806436599554e+01
2.592054626672567252e+01 4.542000471746044354e+01 3.043162840973459282e+01
1.230379333742730807e+01 3.412382423829250655e+01 2.236564615827587232e+01
2.448245522103179184e+01 2.017881011484696074e+01 4.210803736128826102e+01
1.903901083242714165e+01 3.990142614539406907e+01 2.270150908174194981e+01
4.764742813696430090e+01 1.305161614369910694e+01 2.160784629327231698e+01
2.118199811912131381e+01 2.738688995648355018e+01 3.702846812033920543e+01
3.534492616441183088e+01 1.545071153776629735e+01 3.886420094953722071e+01
1.571651222467943398e+01 3.065242117679520817e+01 3.019810859276254789e+01
